{
 "cells": [
  {
   "cell_type": "code",
   "execution_count": 1,
   "id": "4194edf5",
   "metadata": {},
   "outputs": [
    {
     "name": "stdout",
     "output_type": "stream",
     "text": [
      "Custom SVD U:\n",
      " [[ 0.03213868 -0.34801801 -0.9369368 ]\n",
      " [ 0.11563616 -0.92983126  0.34934525]\n",
      " [ 0.99277157  0.11957127 -0.01035992]]\n",
      "Custom SVD S (Diagonal):\n",
      " [[203.23351518   0.           0.        ]\n",
      " [  0.          18.89523203   0.        ]\n",
      " [  0.           0.           0.32941469]]\n",
      "Custom SVD V^T:\n",
      " [[ 0.06593752  0.07053618  0.99532753]\n",
      " [-0.1329921  -0.98797754  0.07882564]\n",
      " [ 0.9889213  -0.13756827 -0.05576403]]\n",
      "Custom Condition Number: 616.9533995119826\n",
      "Custom Matrix Inverse:\n",
      " [[-2.81027668e+00  1.05533597e+00 -3.16205534e-02]\n",
      " [ 4.09486166e-01 -9.72332016e-02 -1.58102767e-03]\n",
      " [ 1.57312253e-01 -6.24505929e-02  7.11462451e-03]]\n",
      "Custom SVD Matrix Reconstruction:\n",
      " [[  1.   7.   6.]\n",
      " [  4.  19.  22.]\n",
      " [ 13.  12. 201.]]\n",
      "_________________________\n",
      "\n",
      "NumPy U:\n",
      " [[-0.03213868 -0.34801801 -0.9369368 ]\n",
      " [-0.11563616 -0.92983126  0.34934525]\n",
      " [-0.99277157  0.11957127 -0.01035992]]\n",
      "NumPy S (Diagonal):\n",
      " [[203.23351518   0.           0.        ]\n",
      " [  0.          18.89523203   0.        ]\n",
      " [  0.           0.           0.32941469]]\n",
      "NumPy V^T:\n",
      " [[-0.06593752 -0.07053618 -0.99532753]\n",
      " [-0.1329921  -0.98797754  0.07882564]\n",
      " [ 0.9889213  -0.13756827 -0.05576403]]\n",
      "NumPy Matrix Inverse:\n",
      " [[-2.81027668e+00  1.05533597e+00 -3.16205534e-02]\n",
      " [ 4.09486166e-01 -9.72332016e-02 -1.58102767e-03]\n",
      " [ 1.57312253e-01 -6.24505929e-02  7.11462451e-03]]\n",
      "NumPy Condition Number:\n",
      " 616.9533995134999\n",
      "NumPy SVD Matrix Reconstruction:\n",
      " [[  1.   7.   6.]\n",
      " [  4.  19.  22.]\n",
      " [ 13.  12. 201.]]\n"
     ]
    }
   ],
   "source": [
    "import numpy as np\n",
    "\n",
    "def custom_svd(matrix):\n",
    "    \"\"\"\n",
    "    Performs a custom Singular Value Decomposition (SVD) on a given matrix and computes its inverse, \n",
    "    condition number, and reconstructs the original matrix.\n",
    "\n",
    "    Parameters:\n",
    "    ----------\n",
    "    matrix : np.ndarray\n",
    "        A 2D NumPy array representing the matrix to decompose.\n",
    "\n",
    "    Returns:\n",
    "    -------\n",
    "    U : np.ndarray\n",
    "        Left singular vectors (U matrix) of the input matrix.\n",
    "    S_diag : np.ndarray\n",
    "        Diagonal matrix of singular values.\n",
    "    Vt : np.ndarray\n",
    "        Right singular vectors (V transpose) of the input matrix.\n",
    "    condition_number : float\n",
    "        Condition number of the matrix, calculated as the ratio of the largest to smallest singular values.\n",
    "    matrix_inverse : np.ndarray\n",
    "        Pseudo-inverse of the input matrix.\n",
    "\n",
    "    Raises:\n",
    "    ------\n",
    "    ValueError:\n",
    "        If the matrix is singular and does not have an inverse.\n",
    "    \"\"\"\n",
    "\n",
    "    # Step 1: Compute A^T * A, which is used to determine the right singular vectors\n",
    "    AtA = np.dot(matrix.T, matrix)\n",
    "    \n",
    "    # Step 2: Eigen decomposition for right singular vectors (V) and corresponding singular values\n",
    "    eigvals_AtA, V = np.linalg.eig(AtA)\n",
    "    \n",
    "    # Step 3: Sort eigenvalues and eigenvectors in descending order\n",
    "    sorted_indices = np.argsort(eigvals_AtA)[::-1]\n",
    "    eigvals_AtA = eigvals_AtA[sorted_indices]\n",
    "    V = V[:, sorted_indices]\n",
    "    \n",
    "    # Step 4: Calculate singular values (square root of eigenvalues of A^T * A)\n",
    "    singular_values = np.sqrt(eigvals_AtA)\n",
    "    if singular_values[-1] == 0:\n",
    "        raise ValueError(\"Matrix is singular and does not have an inverse.\")\n",
    "    \n",
    "    # Step 5: Calculate U (left singular vectors) using A * V / singular_values\n",
    "    U = matrix @ V / singular_values\n",
    "    U /= np.linalg.norm(U, axis=0)  # Normalize U\n",
    "\n",
    "    # Step 6: Construct the diagonal matrix S with singular values\n",
    "    S_diag = np.diag(singular_values)\n",
    "    \n",
    "    # Step 7: Calculate the pseudo-inverse of S (S_inv) for non-zero singular values\n",
    "    S_inv_diag = np.diag(1 / singular_values)\n",
    "    \n",
    "    # Step 8: Calculate the pseudo-inverse of the matrix\n",
    "    matrix_inverse = V @ S_inv_diag @ U.T\n",
    "\n",
    "    # Step 9: Calculate the condition number as the ratio of the largest to the smallest singular value\n",
    "    condition_number = singular_values[0] / singular_values[-1]\n",
    "\n",
    "    return U, S_diag, V.T, condition_number, matrix_inverse\n",
    "\n",
    "# Example test matrix\n",
    "matrix = np.array([[1, 7,6], [4, 19,22],[13,12,201]], dtype=float)\n",
    "\n",
    "# Run the custom SVD function\n",
    "try:\n",
    "    U_custom, S_diag_custom, Vt_custom, condition_number_custom, matrix_inverse_custom = custom_svd(matrix)\n",
    "\n",
    "    # Output all components of the SVD\n",
    "    print(\"Custom SVD U:\\n\", U_custom)\n",
    "    print(\"Custom SVD S (Diagonal):\\n\", S_diag_custom)\n",
    "    print(\"Custom SVD V^T:\\n\", Vt_custom)\n",
    "    print(\"Custom Condition Number:\", condition_number_custom)\n",
    "    print(\"Custom Matrix Inverse:\\n\", matrix_inverse_custom)\n",
    "\n",
    "    # Matrix reconstruction using the custom SVD components\n",
    "    reconstructed_matrix_custom = U_custom @ S_diag_custom @ Vt_custom\n",
    "    print(\"Custom SVD Matrix Reconstruction:\\n\", reconstructed_matrix_custom)\n",
    "\n",
    "except ValueError as e:\n",
    "    print(e)\n",
    "\n",
    "print(\"_________________________\")\n",
    "\n",
    "# Using NumPy's SVD for comparison\n",
    "U_np, S_np, Vt_np = np.linalg.svd(matrix)\n",
    "S_diag_np = np.diag(S_np)\n",
    "matrix_inverse_np = np.dot(Vt_np.T, np.dot(np.diag(1 / S_np), U_np.T))\n",
    "condition_number_np = np.linalg.cond(matrix)\n",
    "\n",
    "# Output all components from NumPy's SVD\n",
    "print(\"\\nNumPy U:\\n\", U_np)\n",
    "print(\"NumPy S (Diagonal):\\n\", S_diag_np)\n",
    "print(\"NumPy V^T:\\n\", Vt_np)\n",
    "print(\"NumPy Matrix Inverse:\\n\", matrix_inverse_np)\n",
    "print(\"NumPy Condition Number:\\n\", condition_number_np)\n",
    "\n",
    "# Matrix reconstruction using NumPy SVD components\n",
    "reconstructed_matrix_np = U_np @ S_diag_np @ Vt_np\n",
    "print(\"NumPy SVD Matrix Reconstruction:\\n\", reconstructed_matrix_np)\n"
   ]
  }
 ],
 "metadata": {
  "kernelspec": {
   "display_name": "Python 3 (ipykernel)",
   "language": "python",
   "name": "python3"
  },
  "language_info": {
   "codemirror_mode": {
    "name": "ipython",
    "version": 3
   },
   "file_extension": ".py",
   "mimetype": "text/x-python",
   "name": "python",
   "nbconvert_exporter": "python",
   "pygments_lexer": "ipython3",
   "version": "3.11.5"
  }
 },
 "nbformat": 4,
 "nbformat_minor": 5
}
